14
3
5
34
43
1
17
43
22
1
28
5
21
25
30
3
29
29
4
37
21
36
16
27
44
15
8
32
4
25
7
40
41
7
9
39
42
1
8
18
16
22
12
1
23
22
6
31
65
10
37
38
65
18
27
30
20
15
40
15
0
15
29
15
16
17
31
15
20
7
39
35
12
26
31
26
47
1
8
0
11
18
15
31
12
0
47
4
10
48
7
5
40
3
13
22
14
25
1
20
5
30
57
1
15
16
48
0
15
16
63
7
4
51
9
43
1
27
13
35
41
26
19
15
3
17
20
29
14
43
32
15
33
23
22
17
20
28
4
0
1
21
47
35
6
19
32
5
32
33
37
17
39
16
23
31
12
22
33
37
21
39
32
8
1
12
14
38
24
34
28
39
6
19
7
8
4
11
33
24
32
4
28
41
41
3
21
34
23
6
33
29
47
14
24
15
21
25
4
6
26
11
23
11
19
0
53
0
9
40
23
41
35
36
26
19
25
47
17
23
31
9
2
0
30
12
9
10
15
4
21
30
26
15
0
32
33
14
6
14
44
72
28
2
27
24
44
23
13
38
44
50
3
23
15
32
23
33
26
3
43
16
25
19
35
40
42
29
49
0
17
39
2
13
8
11
1
22
18
9
10
1
21
28
38
39
4
15
22
25
28
29
27
0
29
0
9
5
11
41
17
15
24
16
42
32
10
3
27
40
10
18
4
2
9
8
27
18
22
29
45
14
9
8
14
21
10
17
20
23
19
30
17
18
32
28
23
6
14
3
38
16
0
30
4
8
25
13
17
41
9
3
29
16
12
20
34
0
2
14
14
6
0
36
12
53
19
22
3
11
61
42
33
0
22
6
48
12
38
0
50
28
26
28
2
7
2
25
45
42
17
4
28
36
21
18
15
17
28
11
10
49
28
43
9
15
2
25
14
7
4
23
17
1
31
1
9
18
23
25
0
29
12
29
0
35
20
50
38
23
42
50
18
26
6
17
39
32
8
6
9
13
18
8
0
25
35
40
0
46
24
31
12
18
5
26
23
11
42
44
25
8
33
3
2
29
45
18
33
28
25
23
38
17
19
50
15
52
2
14
24
14
25
19
24
40
20
33
16
7
5
15
17
25
34
18
12
26
0
41
14
32
5
14
36
35
5
15
18
17
46
28
27
36
6
2
22
4
27
47
9
22
12
14
5
42
14
15
25
5
21
21
25
29
25
17
26
15
17
11
14
36
1
27
28
4
3
15
36
27
10
38
20
26
4
28
23
30
33
48
34
55
29
36
20
17
32
27
24
27
14
14
23
23
36
19
49
39
26
17
15
14
13
11
1
44
5
36
35
18
22
19
24
41
14
5
38
14
14
20
15
50
33
28
36
21
0
5
3
43
22
8
6
15
29
48
31
31
32
9
25
39
30
11
5
0
0
0
33
4
21
17
0
33
23
3
18
25
40
9
0
25
26
26
7
17
1
42
41
32
25
0
10
7
32
32
6
16
36
39
41
39
22
4
34
27
0
3
27
51
26
35
24
7
11
45
12
2
11
5
33
18
0
23
3
11
22
1
0
3
22
25
18
26
26
40
23
28
6
16
15
9
14
7
17
8
15
37
35
10
32
11
39
25
3
10
12
28
0
10
43
3
54
7
37
17
19
6
14
25
27
28
8
26
6
0
4
40
49
20
6
20
31
13
45
26
24
16
32
17
30
21
47
62
2
28
45
23
11
28
22
32
5
12
22
23
28
6
16
45
45
47
32
12
41
46
31
15
10
22
14
16
5
5
31
21
26
27
26
42
24
8
33
0
37
41
34
25
21
11
2
0
43
8
15
1
3
42
45
19
10
19
3
3
22
37
9
15
20
3
42
23
28
27
11
34
18
0
31
20
1
18
34
40
55
19
1
20
22
35
45
17
0
12
3
44
30
52
40
37
3
3
40
23
11
1
17
5
0
21
15
6
30
17
23
33
7
23
0
24
8
34
56
4
15
15
12
29
28
6
0
11
6
17
25
1
26
37
34
20
28
11
31
38
3
13
48
34
9
1
15
35
2
8
14
55
8
16
15
3
61
11
13
11
60
16
11
28
48
1
29
1
16
23
15
0
32
39
4
24
0
30
15
16
3
13
19
28
2
33
8
27
2
34
13
18
9
1
9
38
13
13
14
4
8
54
4
46
41
7
0
2
30
15
58
2
20
48
1
17
26
39
18
7
28
31
25
11
19
3
0
39
24
8
30
14
17
12
36
32
3
0
38
34
21
9
0
37
1
0
