146689
784996
603729
837225
628849
112225
148996
242064
421201
177241
131044
729
476100
3481
582169
857476
291600
181476
29584
541696
44521
135424
321489
184041
611524
280900
743044
15129
4489
18225
863041
643204
484
3364
4761
27889
154449
207936
121
1764
52441
139129
177241
844561
614656
288369
39204
104976
99225
136900
170569
276676
8281
960400
913936
762129
743044
28900
992016
78961
93025
855625
7056
106929
112896
255025
715716
531441
97969
734449
15376
801025
338724
297025
662596
134689
188356
132496
1849
562500
7569
652864
76176
31684
620944
341056
162409
423801
568516
159201
868624
3600
456976
135424
546121
144
51076
343396
8836
290521