100
1
2
3
4
5
6
7
8
9
10
11
12
13
14
15
16
17
18
19
20
260158260522
250877914575
116602436426
540024979445
917861648772
962623690081
54433933447
16476190629
426262703497
723211047202
184971407775
62628894325
828731963982
173822804784
150450968417
449430302156
258982631932
229161735902
141880895728
4923078537
282707723857
731189330739
1910286918
339802329211
611404539679
296303238506
337317063340
503492686568
432773361868
16125660016
448650287940
468703135
1101513929
1801979802
1315634022
635723058
1369133069
1125898167
1059961393
2089018456
628175011
1656478042
1131176229
1653377373
859484421
1914544919
608413784
756898537
1734575198
1973594324
149798315
2038664370
1129566413
184803526
412776091
1424268980
1911759956
999998011906
999998011906
999998011906
999998011906
999998011906
999998011906
999998011906
999998011906
1827336327
572660336
1159126505
805750846
1632621729
1100661313
1433925857
1141616124
84353895
939819582
2001100545
1998898814
1548233367
610515434
1585990364
1374344043
760313750